0 100 100000 80 100000 120 100000 100000 100000 100000 100000 100000 100000 
100 0 72 100000 100000 100000 100000 100000 100000 100000 100000 100000 100000 
100000 72 0 100000 85 100000 100000 100000 105 100000 100000 100000 100000 
80 100000 100000 0 64 86 84 100000 100000 100000 100000 100000 100000 
100000 100000 85 64 0 100000 80 70 75 100000 100000 100000 100000 
120 100000 100000 86 100000 0 86 100000 100000 87 100000 100000 107 
100000 100000 100000 84 80 86 0 100000 100000 67 69 100000 100000 
100000 100000 100000 100000 70 100000 100000 0 50 100000 68 100000 100000 
100000 100000 105 100000 75 100000 100000 50 0 100000 100000 75 100000 
100000 100000 100000 100000 100000 87 67 100000 100000 0 70 100000 93 
100000 100000 100000 100000 100000 100000 69 68 100000 70 0 90 100000 
100000 100000 100000 100000 100000 100000 100000 100000 75 100000 90 0 100000 
100000 100000 100000 100000 100000 107 100000 100000 100000 93 100000 100000 0 
